------------ Data Table File Created By ActiGraph wActiSleepBT ActiLife v6.11.0 Firmware v1.1.0 date format M/d/yyyy Filter Normal -----------
Serial Number: MOS4B19140084
Start Time 15:32:00
Start Date 6/10/2014
Epoch Period (hh:mm:ss) 00:01:00
Download Time 14:24:25
Download Date 7/2/2014
Current Memory Address: 0
Current Battery Voltage: 3.99     Mode = 63
--------------------------------------------------
Date, Time, Axis1,Axis2,Axis3,Steps,HR,Lux,Inclinometer Off,Inclinometer Standing,Inclinometer Sitting,Inclinometer Lying,Vector Magnitude
6/10/2014, 20:01:00, 0, 0, 0, 0, 0, 0, 90, 0, 0, 0, 0
6/10/2014	20:02:00	0	0	0	0	0	0	80	0	0	0	0
6/10/2014	20:03:00	0	0	0	0	0	0	85	0	0	0	0
6/10/2014	20:04:00	0	0	0	0	0	0	82	0	0	0	0
6/10/2014	20:05:00	0	0	0	0	0	0	76	0	0	0	0
6/10/2014	20:06:00	0	0	0	0	0	0	85	0	0	0	0
6/10/2014	20:07:00	0	0	0	0	0	0	92	0	0	0	0
6/10/2014	20:08:00	0	0	0	0	0	0	85	0	0	0	0
6/10/2014	20:09:00	0	0	0	0	0	0	86	0	0	0	0
6/10/2014	20:10:00	0	0	0	0	0	0	87	0	0	0	0
6/10/2014	20:11:00	0	0	0	0	0	0	85	0	0	0	0
6/10/2014	20:12:00	0	0	0	0	0	0	86	0	0	0	0
6/10/2014	20:13:00	0	0	0	0	0	0	84	0	0	0	0
6/10/2014	20:14:00	0	0	0	0	0	0	82	0	0	0	0
6/10/2014	20:15:00	0	0	0	0	0	0	83	0	0	0	0
6/10/2014	20:16:00	0	0	0	0	0	0	92	0	0	0	0
6/10/2014	20:17:00	0	0	0	0	0	0	93	0	0	0	0
6/10/2014	20:18:00	0	0	0	0	0	0	93	0	0	0	0
6/10/2014	20:19:00	0	0	0	0	0	0	82	0	0	0	0
6/10/2014	20:20:00	0	0	0	0	0	0	82	0	0	0	0
6/10/2014	20:21:00	0	0	0	0	0	0	79	0	0	0	0
6/10/2014	20:22:00	0	0	0	0	0	0	84	0	0	0	0
6/10/2014	20:23:00	0	0	0	0	0	0	86	0	0	0	0
6/10/2014	20:24:00	0	0	0	0	0	0	85	0	0	0	0
6/10/2014	20:25:00	0	0	0	0	0	0	85	0	0	0	0
6/10/2014	20:26:00	0	0	0	0	0	0	86	0	0	0	0
6/10/2014	20:27:00	0	0	0	0	0	0	87	0	0	0	0
6/10/2014	20:28:00	0	0	0	0	0	0	85	0	0	0	0
6/10/2014	20:29:00	0	0	0	0	0	0	86	0	0	0	0
6/10/2014	20:30:00	0	0	0	0	0	0	84	0	0	0	0
6/10/2014	20:31:00	0	0	0	0	0	0	82	0	0	0	0
6/10/2014	20:32:00	0	0	0	0	0	0	83	0	0	0	0
6/10/2014	20:33:00	0	0	0	0	0	0	92	0	0	0	0
6/10/2014	20:34:00	0	0	0	0	0	0	93	0	0	0	0
6/10/2014	20:35:00	0	0	0	0	0	0	93	0	0	0	0
6/10/2014	20:36:00	0	0	0	0	0	0	82	0	0	0	0
6/10/2014	20:37:00	0	0	0	0	0	0	82	0	0	0	0
6/10/2014	20:38:00	0	0	0	0	0	0	79	0	0	0	0
6/10/2014	20:39:00	0	0	0	0	0	0	84	0	0	0	0
6/10/2014	20:40:00	0	0	0	0	0	0	86	0	0	0	0
6/10/2014	20:41:00	0	0	0	0	0	0	85	0	0	0	0
6/10/2014	20:42:00	0	0	0	0	0	0	85	0	0	0	0
6/10/2014	20:43:00	0	0	0	0	0	0	86	0	0	0	0
6/10/2014	20:44:00	0	0	0	0	0	0	87	0	0	0	0
6/10/2014	20:45:00	0	0	0	0	0	0	85	0	0	0	0
6/10/2014	20:46:00	0	0	0	0	0	0	86	0	0	0	0
6/10/2014	20:47:00	0	0	0	0	0	0	84	0	0	0	0
6/10/2014	20:48:00	0	0	0	0	0	0	82	0	0	0	0
6/10/2014	20:49:00	0	0	0	0	0	0	83	0	0	0	0
6/10/2014	20:50:00	0	0	0	0	0	0	92	0	0	0	0
6/10/2014	20:51:00	0	0	0	0	0	0	93	0	0	0	0
6/10/2014	20:52:00	0	0	0	0	0	0	93	0	0	0	0
6/10/2014	20:53:00	0	0	0	0	0	0	82	0	0	0	0
6/10/2014	20:54:00	0	0	0	0	0	0	82	0	0	0	0
6/10/2014	20:55:00	0	0	0	0	0	0	79	0	0	0	0
6/10/2014	20:56:00	0	0	0	0	0	0	84	0	0	0	0
6/10/2014	20:57:00	0	0	0	0	0	0	86	0	0	0	0
6/10/2014	20:58:00	0	0	0	0	0	0	85	0	0	0	0
6/10/2014	20:59:00	0	0	0	0	0	0	85	0	0	0	0
6/10/2014	21:00:00	0	0	0	0	0	0	86	0	0	0	0
6/10/2014	21:01:00	0	0	0	0	0	0	87	0	0	0	0
6/10/2014	21:02:00	0	0	0	0	0	0	85	0	0	0	0
6/10/2014	21:03:00	0	0	0	0	0	0	86	0	0	0	0
6/10/2014	21:04:00	0	0	0	0	0	0	84	0	0	0	0
6/10/2014	21:05:00	0	0	0	0	0	0	82	0	0	0	0
6/10/2014	21:06:00	0	0	0	0	0	0	83	0	0	0	0
6/10/2014	21:07:00	0	0	0	0	0	0	92	0	0	0	0
6/10/2014	21:08:00	0	0	0	0	0	0	93	0	0	0	0
6/10/2014	21:09:00	0	0	0	0	0	0	93	0	0	0	0
6/10/2014	21:10:00	0	0	0	0	0	0	82	0	0	0	0
6/10/2014	21:11:00	0	0	0	0	0	0	82	0	0	0	0
6/10/2014	21:12:00	0	0	0	0	0	0	79	0	0	0	0
6/10/2014	21:13:00	0	0	0	0	0	0	84	0	0	0	0
6/10/2014	21:14:00	0	0	0	0	0	0	86	0	0	0	0
6/10/2014	21:15:00	0	0	0	0	0	0	85	0	0	0	0
6/10/2014	21:16:00	0	0	0	0	0	0	85	0	0	0	0
6/10/2014	21:17:00	0	0	0	0	0	0	86	0	0	0	0
6/10/2014	21:18:00	0	0	0	0	0	0	87	0	0	0	0
6/10/2014	21:19:00	0	0	0	0	0	0	85	0	0	0	0
6/10/2014	21:20:00	0	0	0	0	0	0	86	0	0	0	0
6/10/2014	21:21:00	0	0	0	0	0	0	84	0	0	0	0
6/10/2014	21:22:00	0	0	0	0	0	0	82	0	0	0	0
6/10/2014	21:23:00	0	0	0	0	0	0	83	0	0	0	0
6/10/2014	21:24:00	0	0	0	0	0	0	92	0	0	0	0
6/10/2014	21:25:00	0	0	0	0	0	0	93	0	0	0	0
6/10/2014	21:26:00	0	0	0	0	0	0	93	0	0	0	0
6/10/2014	21:27:00	0	0	0	0	0	0	82	0	0	0	0
6/10/2014	21:28:00	0	0	0	0	0	0	82	0	0	0	0
6/10/2014	21:29:00	0	0	0	0	0	0	79	0	0	0	0
6/10/2014	21:30:00	0	0	0	0	0	0	84	0	0	0	0
6/10/2014	21:31:00	0	0	0	0	0	0	86	0	0	0	0
6/10/2014	21:32:00	0	0	0	0	0	0	85	0	0	0	0
6/10/2014	21:33:00	0	0	0	0	0	0	85	0	0	0	0
6/10/2014	21:34:00	0	0	0	0	0	0	86	0	0	0	0
6/10/2014	21:35:00	0	0	0	0	0	0	87	0	0	0	0
6/10/2014	21:36:00	0	0	0	0	0	0	85	0	0	0	0
6/10/2014	21:37:00	0	0	0	0	0	0	86	0	0	0	0
6/10/2014	21:38:00	0	0	0	0	0	0	84	0	0	0	0
6/10/2014	21:39:00	0	0	0	0	0	0	82	0	0	0	0
6/10/2014	21:40:00	0	0	0	0	0	0	83	0	0	0	0
6/10/2014	21:41:00	0	0	0	0	0	0	92	0	0	0	0
6/10/2014	21:42:00	0	0	0	0	0	0	93	0	0	0	0
6/10/2014	21:43:00	0	0	0	0	0	0	93	0	0	0	0
6/10/2014	21:44:00	0	0	0	0	0	0	82	0	0	0	0
6/10/2014	21:45:00	0	0	0	0	0	0	82	0	0	0	0
6/10/2014	21:46:00	0	0	0	0	0	0	79	0	0	0	0
6/10/2014	21:47:00	0	0	0	0	0	0	84	0	0	0	0
6/10/2014	21:48:00	0	0	0	0	0	0	86	0	0	0	0
6/10/2014	21:49:00	0	0	0	0	0	0	85	0	0	0	0
6/10/2014	21:50:00	0	0	0	0	0	0	85	0	0	0	0
6/10/2014	21:51:00	0	0	0	0	0	0	80	0	0	0	0
6/10/2014	21:52:00	0	0	0	0	0	0	79	0	0	0	0
6/10/2014	21:53:00	0	0	0	0	0	0	74	0	0	0	0
6/10/2014	21:54:00	0	0	0	0	0	0	76	0	0	0	0
6/10/2014	21:55:00	0	0	0	0	0	0	75	0	0	0	0
6/10/2014	21:56:00	0	0	0	0	0	0	73	0	0	0	0
6/10/2014	21:57:00	0	0	0	0	0	0	72	0	0	0	0
6/10/2014	21:58:00	0	0	0	0	0	0	75	0	0	0	0
6/10/2014	21:59:00	0	0	0	0	0	0	71	0	0	0	0
6/10/2014	22:00:00	0	0	0	0	0	0	73	0	0	0	0
6/10/2014	22:01:00	0	0	0	0	0	0	70	0	0	0	0
6/10/2014	22:02:00	0	0	0	0	0	0	69	0	0	0	0
6/10/2014	22:03:00	0	0	0	0	0	0	65	0	0	0	0
6/10/2014	22:04:00	0	0	0	0	0	0	63	0	0	0	0
6/10/2014	22:05:00	0	0	0	0	0	0	65	0	0	0	0
6/10/2014	22:06:00	0	0	0	0	0	0	61	0	0	0	0
6/10/2014	22:07:00	0	0	0	0	0	0	60	0	0	0	0
6/10/2014	22:08:00	0	0	0	0	0	0	65	0	0	0	0
6/10/2014	22:09:00	0	0	0	0	0	0	63	0	0	0	0
6/10/2014	22:10:00	0	0	0	0	0	0	69	0	0	0	0
6/10/2014	22:11:00	0	0	0	0	0	0	70	0	0	0	0
6/10/2014	22:12:00	0	0	0	0	0	0	65	0	0	0	0
6/10/2014	22:13:00	0	0	0	0	0	0	62	0	0	0	0
6/10/2014	22:14:00	0	0	0	0	0	0	65	0	0	0	0
6/10/2014	22:15:00	0	0	0	0	0	0	63	0	0	0	0
6/10/2014	22:16:00	0	0	0	0	0	0	64	0	0	0	0
6/10/2014	22:17:00	0	0	0	0	0	0	63	0	0	0	0
6/10/2014	22:18:00	0	0	0	0	0	0	61	0	0	0	0
6/10/2014	22:19:00	0	0	0	0	0	0	62	0	0	0	0
6/10/2014	22:20:00	0	0	0	0	0	0	60	0	0	0	0
6/10/2014	22:21:00	0	0	0	0	0	0	71	0	0	0	0
6/10/2014	22:22:00	0	0	0	0	0	0	73	0	0	0	0
6/10/2014	22:23:00	0	0	0	0	0	0	70	0	0	0	0
6/10/2014	22:24:00	0	0	0	0	0	0	69	0	0	0	0
6/10/2014	22:25:00	0	0	0	0	0	0	65	0	0	0	0
6/10/2014	22:26:00	0	0	0	0	0	0	63	0	0	0	0
6/10/2014	22:27:00	0	0	0	0	0	0	65	0	0	0	0
6/10/2014	22:28:00	0	0	0	0	0	0	61	0	0	0	0
6/10/2014	22:29:00	0	0	0	0	0	0	60	0	0	0	0
6/10/2014	22:30:00	0	0	0	0	0	0	65	0	0	0	0
6/10/2014	22:31:00	0	0	0	0	0	0	63	0	0	0	0
6/10/2014	22:32:00	0	0	0	0	0	0	69	0	0	0	0
6/10/2014	22:33:00	0	0	0	0	0	0	70	0	0	0	0
6/10/2014	22:34:00	0	0	0	0	0	0	65	0	0	0	0
6/10/2014	22:35:00	0	0	0	0	0	0	62	0	0	0	0
6/10/2014	22:36:00	0	0	0	0	0	0	65	0	0	0	0
6/10/2014	22:37:00	0	0	0	0	0	0	63	0	0	0	0
6/10/2014	22:38:00	0	0	0	0	0	0	64	0	0	0	0
6/10/2014	22:39:00	0	0	0	0	0	0	63	0	0	0	0
6/10/2014	22:40:00	0	0	0	0	0	0	61	0	0	0	0
6/10/2014	22:41:00	0	0	0	0	0	0	62	0	0	0	0
6/10/2014	22:42:00	0	0	0	0	0	0	60	0	0	0	0
6/10/2014	22:43:00	0	0	0	0	0	0	71	0	0	0	0
6/10/2014	22:44:00	0	0	0	0	0	0	73	0	0	0	0
6/10/2014	22:45:00	0	0	0	0	0	0	70	0	0	0	0
6/10/2014	22:46:00	0	0	0	0	0	0	69	0	0	0	0
6/10/2014	22:47:00	0	0	0	0	0	0	65	0	0	0	0
6/10/2014	22:48:00	0	0	0	0	0	0	63	0	0	0	0
6/10/2014	22:49:00	0	0	0	0	0	0	65	0	0	0	0
6/10/2014	22:50:00	6	1	5	0	0	0	61	0	0	0	7.87
6/10/2014	22:51:00	0	0	0	0	0	0	60	0	0	0	0
6/10/2014	22:52:00	0	0	0	0	0	0	65	0	0	0	0
6/10/2014	22:53:00	8	5	10	0	0	0	63	0	0	0	13.74
6/10/2014	22:54:00	0	0	0	0	0	0	69	0	0	0	0
6/10/2014	22:55:00	0	0	0	0	0	0	70	0	0	0	0
6/10/2014	22:56:00	50	82	10	0	0	0	75	0	0	0	96.56
6/10/2014	22:57:00	0	1520	53	0	0	0	89	0	0	0	1520.92
6/10/2014	22:58:00	2887	2888	2888	0	0	0	145	0	0	0	5001.58
6/10/2014	22:59:00	3062	2235	3654	0	0	0	163	0	0	0	5265.24
6/10/2014	23:00:00	1025	5680	325	0	0	0	154	0	0	0	5780.88
6/10/2014	23:01:00	101	68	178	0	0	0	98	0	0	0	215.65
6/10/2014	23:02:00	0	0	0	0	0	0	86	0	0	0	0
6/10/2014	23:03:00	0	0	0	0	0	0	81	0	0	0	0
6/10/2014	23:04:00	0	0	0	0	0	0	76	0	0	0	0
6/10/2014	23:05:00	0	0	0	0	0	0	72	0	0	0	0
6/10/2014	23:06:00	0	0	0	0	0	0	69	0	0	0	0
6/10/2014	23:07:00	0	0	0	0	0	0	70	0	0	0	0
6/10/2014	23:08:00	0	0	0	0	0	0	76	0	0	0	0
6/10/2014	23:09:00	0	0	0	0	0	0	70	0	0	0	0
6/10/2014	23:10:00	0	0	0	0	0	0	68	0	0	0	0
6/10/2014	23:11:00	0	0	0	0	0	0	65	0	0	0	0
6/10/2014	23:12:00	0	0	0	0	0	0	61	0	0	0	0
6/10/2014	23:13:00	0	0	0	0	0	0	60	0	0	0	0
6/10/2014	23:14:00	0	0	0	0	0	0	65	0	0	0	0
6/10/2014	23:15:00	0	0	0	0	0	0	63	0	0	0	0
6/10/2014	23:16:00	0	0	0	0	0	0	69	0	0	0	0
6/10/2014	23:17:00	0	0	0	0	0	0	70	0	0	0	0
6/10/2014	23:18:00	0	0	0	0	0	0	65	0	0	0	0
6/10/2014	23:19:00	0	0	0	0	0	0	62	0	0	0	0
6/10/2014	23:20:00	0	0	0	0	0	0	65	0	0	0	0
6/10/2014	23:21:00	0	0	0	0	0	0	63	0	0	0	0
6/10/2014	23:22:00	0	0	0	0	0	0	64	0	0	0	0
6/10/2014	23:23:00	0	0	0	0	0	0	63	0	0	0	0
6/10/2014	23:24:00	0	0	0	0	0	0	61	0	0	0	0
6/10/2014	23:25:00	0	0	0	0	0	0	62	0	0	0	0
6/10/2014	23:26:00	0	0	0	0	0	0	60	0	0	0	0
6/10/2014	23:27:00	0	0	0	0	0	0	71	0	0	0	0
6/10/2014	23:28:00	0	0	0	0	0	0	73	0	0	0	0
6/10/2014	23:29:00	0	0	0	0	0	0	70	0	0	0	0
6/10/2014	23:30:00	0	0	0	0	0	0	69	0	0	0	0
6/10/2014	23:31:00	0	0	0	0	0	0	65	0	0	0	0
6/10/2014	23:32:00	0	0	0	0	0	0	63	0	0	0	0
6/10/2014	23:33:00	0	0	0	0	0	0	65	0	0	0	0
6/10/2014	23:34:00	0	0	0	0	0	0	61	0	0	0	0
6/10/2014	23:35:00	0	0	0	0	0	0	60	0	0	0	0
6/10/2014	23:36:00	0	0	0	0	0	0	65	0	0	0	0
6/10/2014	23:37:00	0	0	0	0	0	0	63	0	0	0	0
6/10/2014	23:38:00	0	0	0	0	0	0	69	0	0	0	0
6/10/2014	23:39:00	0	0	0	0	0	0	70	0	0	0	0
6/10/2014	23:40:00	0	0	0	0	0	0	65	0	0	0	0
6/10/2014	23:41:00	0	0	0	0	0	0	62	0	0	0	0
6/10/2014	23:42:00	0	0	0	0	0	0	65	0	0	0	0
6/10/2014	23:43:00	0	0	0	0	0	0	63	0	0	0	0
6/10/2014	23:44:00	0	0	0	0	0	0	64	0	0	0	0
6/10/2014	23:45:00	0	0	0	0	0	0	63	0	0	0	0
6/10/2014	23:46:00	0	0	0	0	0	0	61	0	0	0	0
6/10/2014	23:47:00	0	0	0	0	0	0	62	0	0	0	0
6/10/2014	23:48:00	0	0	0	0	0	0	60	0	0	0	0
6/10/2014	23:49:00	0	0	0	0	0	0	71	0	0	0	0
6/10/2014	23:50:00	0	0	0	0	0	0	73	0	0	0	0
6/10/2014	23:51:00	0	0	0	0	0	0	70	0	0	0	0
6/10/2014	23:52:00	0	0	0	0	0	0	69	0	0	0	0
6/10/2014	23:53:00	0	0	0	0	0	0	65	0	0	0	0
6/10/2014	23:54:00	0	0	0	0	0	0	63	0	0	0	0
6/10/2014	23:55:00	0	0	0	0	0	0	65	0	0	0	0
6/10/2014	23:56:00	0	0	0	0	0	0	61	0	0	0	0
6/10/2014	23:57:00	0	0	0	0	0	0	60	0	0	0	0
6/10/2014	23:58:00	0	0	0	0	0	0	65	0	0	0	0
6/10/2014	23:59:00	0	0	0	0	0	0	63	0	0	0	0
6/11/2014	00:00:00	5	8	10	0	0	0	69	0	0	0	13.74
6/11/2014	00:01:00	10	80	32	0	0	0	70	0	0	0	86.74
6/11/2014	00:02:00	1	0	5	0	0	0	75	0	0	0	5.09
6/11/2014	00:03:00	0	0	0	0	0	0	86	0	0	0	0
6/11/2014	00:04:00	0	0	0	0	0	0	90	0	0	0	0
6/11/2014	00:05:00	123	542	231	0	0	0	124	0	0	0	601.87
6/11/2014	00:06:00	3888	2868	2886	0	0	0	142	0	0	0	5627.69
6/11/2014	00:07:00	3456	3865	3896	0	0	0	156	0	0	0	6485.44
6/11/2014	00:08:00	1254	2755	589	0	0	0	98	0	0	0	3083.74
6/11/2014	00:09:00	579	123	586	0	0	0	85	0	0	0	832.93
6/11/2014	00:10:00	45	82	0	0	0	0	79	0	0	0	93.53
6/11/2014	00:11:00	0	0	10	0	0	0	70	0	0	0	10
6/11/2014	00:12:00	1	14	0	0	0	0	72	0	0	0	14.03
6/11/2014	00:13:00	2	0	5	0	0	0	72	0	0	0	5.38
6/11/2014	00:14:00	0	0	0	0	0	0	70	0	0	0	0
6/11/2014	00:15:00	0	0	0	0	0	0	72	0	0	0	0
6/11/2014	00:16:00	0	0	0	0	0	0	73	0	0	0	0
6/11/2014	00:17:00	0	0	0	0	0	0	75	0	0	0	0
6/11/2014	00:18:00	0	0	0	0	0	0	73	0	0	0	0
6/11/2014	00:19:00	0	0	0	0	0	0	72	0	0	0	0
6/11/2014	00:20:00	0	0	0	0	0	0	69	0	0	0	0
6/11/2014	00:21:00	0	0	0	0	0	0	65	0	0	0	0
6/11/2014	00:22:00	0	0	0	0	0	0	69	0	0	0	0
6/11/2014	00:23:00	0	0	0	0	0	0	70	0	0	0	0
6/11/2014	00:24:00	0	0	0	0	0	0	65	0	0	0	0
6/11/2014	00:25:00	0	0	0	0	0	0	62	0	0	0	0
6/11/2014	00:26:00	0	0	0	0	0	0	65	0	0	0	0
6/11/2014	00:27:00	0	0	0	0	0	0	63	0	0	0	0
6/11/2014	00:28:00	0	0	0	0	0	0	64	0	0	0	0
6/11/2014	00:29:00	0	0	0	0	0	0	63	0	0	0	0
6/11/2014	00:30:00	0	0	0	0	0	0	61	0	0	0	0
6/11/2014	00:31:00	0	0	0	0	0	0	62	0	0	0	0
6/11/2014	00:32:00	0	0	0	0	0	0	60	0	0	0	0
6/11/2014	00:33:00	0	0	0	0	0	0	71	0	0	0	0
6/11/2014	00:34:00	0	0	0	0	0	0	73	0	0	0	0
6/11/2014	00:35:00	0	0	0	0	0	0	70	0	0	0	0
6/11/2014	00:36:00	0	0	0	0	0	0	69	0	0	0	0
6/11/2014	00:37:00	0	0	0	0	0	0	65	0	0	0	0
6/11/2014	00:38:00	0	0	0	0	0	0	63	0	0	0	0
6/11/2014	00:39:00	0	0	0	0	0	0	65	0	0	0	0
6/11/2014	00:40:00	0	0	0	0	0	0	61	0	0	0	0
6/11/2014	00:41:00	0	0	0	0	0	0	60	0	0	0	0
6/11/2014	00:42:00	0	0	0	0	0	0	65	0	0	0	0
6/11/2014	00:43:00	0	0	0	0	0	0	63	0	0	0	0
6/11/2014	00:44:00	0	0	0	0	0	0	69	0	0	0	0
6/11/2014	00:45:00	0	0	0	0	0	0	70	0	0	0	0
6/11/2014	00:46:00	0	0	0	0	0	0	65	0	0	0	0
6/11/2014	00:47:00	0	0	0	0	0	0	62	0	0	0	0
6/11/2014	00:48:00	0	0	0	0	0	0	65	0	0	0	0
6/11/2014	00:49:00	0	0	0	0	0	0	63	0	0	0	0
6/11/2014	00:50:00	0	0	0	0	0	0	64	0	0	0	0
6/11/2014	00:51:00	0	0	0	0	0	0	63	0	0	0	0
6/11/2014	00:52:00	0	0	0	0	0	0	61	0	0	0	0
6/11/2014	00:53:00	0	0	0	0	0	0	62	0	0	0	0
6/11/2014	00:54:00	0	0	0	0	0	0	60	0	0	0	0
6/11/2014	00:55:00	0	0	0	0	0	0	71	0	0	0	0
6/11/2014	00:56:00	0	0	0	0	0	0	73	0	0	0	0
6/11/2014	00:57:00	0	0	0	0	0	0	70	0	0	0	0
6/11/2014	00:58:00	0	0	0	0	0	0	69	0	0	0	0
6/11/2014	00:59:00	0	0	0	0	0	0	65	0	0	0	0
6/11/2014	01:00:00	0	0	0	0	0	0	63	0	0	0	0
6/11/2014	01:01:00	0	0	0	0	0	0	65	0	0	0	0
6/11/2014	01:02:00	0	0	0	0	0	0	61	0	0	0	0
6/11/2014	01:03:00	0	0	0	0	0	0	60	0	0	0	0
6/11/2014	01:04:00	0	0	0	0	0	0	65	0	0	0	0
6/11/2014	01:05:00	0	0	0	0	0	0	63	0	0	0	0
6/11/2014	01:06:00	0	0	0	0	0	0	69	0	0	0	0
6/11/2014	01:07:00	0	0	0	0	0	0	70	0	0	0	0
6/11/2014	01:08:00	0	0	0	0	0	0	65	0	0	0	0
6/11/2014	01:09:00	0	0	0	0	0	0	62	0	0	0	0
6/11/2014	01:10:00	0	0	0	0	0	0	65	0	0	0	0
6/11/2014	01:11:00	0	0	0	0	0	0	63	0	0	0	0
6/11/2014	01:12:00	0	0	0	0	0	0	64	0	0	0	0
6/11/2014	01:13:00	0	0	0	0	0	0	63	0	0	0	0
6/11/2014	01:14:00	0	0	0	0	0	0	61	0	0	0	0
6/11/2014	01:15:00	0	0	0	0	0	0	62	0	0	0	0
6/11/2014	01:16:00	0	0	0	0	0	0	60	0	0	0	0
6/11/2014	01:17:00	0	0	0	0	0	0	71	0	0	0	0
6/11/2014	01:18:00	0	0	0	0	0	0	73	0	0	0	0
6/11/2014	01:19:00	0	0	0	0	0	0	70	0	0	0	0
6/11/2014	01:20:00	0	0	0	0	0	0	69	0	0	0	0
6/11/2014	01:21:00	0	0	0	0	0	0	65	0	0	0	0
6/11/2014	01:22:00	0	0	0	0	0	0	63	0	0	0	0
6/11/2014	01:23:00	0	0	0	0	0	0	65	0	0	0	0
6/11/2014	01:24:00	0	0	0	0	0	0	61	0	0	0	0
6/11/2014	01:25:00	0	0	0	0	0	0	60	0	0	0	0
6/11/2014	01:26:00	0	0	0	0	0	0	65	0	0	0	0
6/11/2014	01:27:00	0	0	0	0	0	0	63	0	0	0	0
6/11/2014	01:28:00	0	0	0	0	0	0	69	0	0	0	0
6/11/2014	01:29:00	0	0	0	0	0	0	70	0	0	0	0
6/11/2014	01:30:00	5	6	0	0	0	0	75	0	0	0	7.81
6/11/2014	01:31:00	0	0	0	0	0	0	62	0	0	0	0
6/11/2014	01:32:00	0	0	0	0	0	0	65	0	0	0	0
6/11/2014	01:33:00	0	0	0	0	0	0	63	0	0	0	0
6/11/2014	01:34:00	0	0	0	0	0	0	64	0	0	0	0
6/11/2014	01:35:00	0	0	0	0	0	0	63	0	0	0	0
6/11/2014	01:36:00	8	0	1	0	0	0	79	0	0	0	8.06
6/11/2014	01:37:00	0	0	0	0	0	0	62	0	0	0	0
6/11/2014	01:38:00	0	0	0	0	0	0	60	0	0	0	0
6/11/2014	01:39:00	0	0	0	0	0	0	71	0	0	0	0
6/11/2014	01:40:00	126	180	140	0	0	0	110	0	0	0	260.53
6/11/2014	01:41:00	2560	2890	2889	0	0	0	115	0	0	0	4822.03
6/11/2014	01:42:00	2881	5861	5898	0	0	0	145	0	0	0	7144.92
6/11/2014	01:43:00	1235	567	281	0	0	0	98	0	0	0	1387.68
6/11/2014	01:44:00	3	5	10	0	0	0	90	0	0	0	11.57
6/11/2014	01:45:00	1	3	10	0	0	0	85	0	0	0	10.48
6/11/2014	01:46:00	2	1	0	0	0	0	79	0	0	0	2.23
6/11/2014	01:47:00	0	0	0	0	0	0	60	0	0	0	0
6/11/2014	01:48:00	0	0	0	0	0	0	65	0	0	0	0
6/11/2014	01:49:00	0	0	0	0	0	0	63	0	0	0	0
6/11/2014	01:50:00	0	0	0	0	0	0	69	0	0	0	0
6/11/2014	01:51:00	0	0	0	0	0	0	70	0	0	0	0
6/11/2014	01:52:00	0	0	0	0	0	0	65	0	0	0	0
6/11/2014	01:53:00	0	0	0	0	0	0	62	0	0	0	0
6/11/2014	01:54:00	0	0	0	0	0	0	65	0	0	0	0
6/11/2014	01:55:00	0	0	0	0	0	0	63	0	0	0	0
6/11/2014	01:56:00	0	0	0	0	0	0	64	0	0	0	0
6/11/2014	01:57:00	0	0	0	0	0	0	63	0	0	0	0
6/11/2014	01:58:00	0	0	0	0	0	0	61	0	0	0	0
6/11/2014	01:59:00	0	0	0	0	0	0	62	0	0	0	0
6/11/2014	02:00:00	0	0	0	0	0	0	60	0	0	0	0
6/11/2014	02:01:00	0	0	0	0	0	0	71	0	0	0	0
6/11/2014	02:02:00	0	0	0	0	0	0	73	0	0	0	0
6/11/2014	02:03:00	0	0	0	0	0	0	70	0	0	0	0
6/11/2014	02:04:00	0	0	0	0	0	0	69	0	0	0	0
6/11/2014	02:05:00	0	0	0	0	0	0	65	0	0	0	0
6/11/2014	02:06:00	0	0	0	0	0	0	63	0	0	0	0
6/11/2014	02:07:00	0	0	0	0	0	0	65	0	0	0	0
6/11/2014	02:08:00	0	0	0	0	0	0	61	0	0	0	0
6/11/2014	02:09:00	0	0	0	0	0	0	60	0	0	0	0
6/11/2014	02:10:00	0	0	0	0	0	0	65	0	0	0	0
6/11/2014	02:11:00	0	0	0	0	0	0	63	0	0	0	0
6/11/2014	02:12:00	0	0	0	0	0	0	69	0	0	0	0
6/11/2014	02:13:00	0	0	0	0	0	0	70	0	0	0	0
6/11/2014	02:14:00	0	0	0	0	0	0	65	0	0	0	0
6/11/2014	02:15:00	0	0	0	0	0	0	62	0	0	0	0
6/11/2014	02:16:00	0	0	0	0	0	0	65	0	0	0	0
6/11/2014	02:17:00	0	0	0	0	0	0	63	0	0	0	0
6/11/2014	02:18:00	0	0	0	0	0	0	64	0	0	0	0
6/11/2014	02:19:00	0	0	0	0	0	0	63	0	0	0	0
6/11/2014	02:20:00	0	0	0	0	0	0	61	0	0	0	0
6/11/2014	02:21:00	0	0	0	0	0	0	62	0	0	0	0
6/11/2014	02:22:00	0	0	0	0	0	0	60	0	0	0	0
6/11/2014	02:23:00	0	0	0	0	0	0	71	0	0	0	0
6/11/2014	02:24:00	0	0	0	0	0	0	73	0	0	0	0
6/11/2014	02:25:00	0	0	0	0	0	0	70	0	0	0	0
6/11/2014	02:26:00	0	0	0	0	0	0	69	0	0	0	0
6/11/2014	02:27:00	0	0	0	0	0	0	65	0	0	0	0
6/11/2014	02:28:00	0	0	0	0	0	0	63	0	0	0	0
6/11/2014	02:29:00	0	0	0	0	0	0	65	0	0	0	0
6/11/2014	02:30:00	1560	568	893	0	0	0	90	0	0	0	1885.11
6/11/2014	02:31:00	1561	1821	967	0	0	0	98	0	0	0	2777.49
6/11/2014	02:32:00	2385	2458	2563	0	0	0	101	0	0	0	4277.72
6/11/2014	02:33:00	3800	4968	3560	0	0	0	110	0	0	0	7196.84
6/11/2014	02:34:00	3560	4891	2100	0	0	0	130	0	0	0	6403.55
6/11/2014	02:35:00	1560	601	254	0	0	0	129	0	0	0	1690.95
6/11/2014	02:36:00	10	8	5	0	0	0	98	0	0	0	13.74
6/11/2014	02:37:00	1	2	0	0	0	0	70	0	0	0	2.23
6/11/2014	02:38:00	0	0	0	0	0	0	65	0	0	0	0
6/11/2014	02:39:00	0	0	0	0	0	0	63	0	0	0	0
6/11/2014	02:40:00	0	0	0	0	0	0	64	0	0	0	0
6/11/2014	02:41:00	0	0	0	0	0	0	63	0	0	0	0
6/11/2014	02:42:00	0	0	0	0	0	0	61	0	0	0	0
6/11/2014	02:43:00	0	0	0	0	0	0	62	0	0	0	0
6/11/2014	02:44:00	0	0	0	0	0	0	60	0	0	0	0
6/11/2014	02:45:00	0	0	0	0	0	0	71	0	0	0	0
6/11/2014	02:46:00	0	0	0	0	0	0	73	0	0	0	0
6/11/2014	02:47:00	0	0	0	0	0	0	70	0	0	0	0
6/11/2014	02:48:00	0	0	0	0	0	0	69	0	0	0	0
6/11/2014	02:49:00	0	0	0	0	0	0	65	0	0	0	0
6/11/2014	02:50:00	0	0	0	0	0	0	63	0	0	0	0
6/11/2014	02:51:00	0	0	0	0	0	0	65	0	0	0	0
6/11/2014	02:52:00	0	0	0	0	0	0	61	0	0	0	0
6/11/2014	02:53:00	0	0	0	0	0	0	60	0	0	0	0
6/11/2014	02:54:00	0	0	0	0	0	0	65	0	0	0	0
6/11/2014	02:55:00	0	0	0	0	0	0	63	0	0	0	0
6/11/2014	02:56:00	0	0	0	0	0	0	69	0	0	0	0
6/11/2014	02:57:00	0	0	0	0	0	0	70	0	0	0	0
6/11/2014	02:58:00	0	0	0	0	0	0	65	0	0	0	0
6/11/2014	02:59:00	0	0	0	0	0	0	62	0	0	0	0
6/11/2014	03:00:00	0	0	0	0	0	0	65	0	0	0	0
6/11/2014	03:01:00	0	0	0	0	0	0	63	0	0	0	0
6/11/2014	03:02:00	0	0	0	0	0	0	64	0	0	0	0
6/11/2014	03:03:00	0	0	0	0	0	0	63	0	0	0	0
6/11/2014	03:04:00	0	0	0	0	0	0	61	0	0	0	0
6/11/2014	03:05:00	0	0	0	0	0	0	62	0	0	0	0
6/11/2014	03:06:00	0	0	0	0	0	0	60	0	0	0	0
6/11/2014	03:07:00	0	0	0	0	0	0	71	0	0	0	0
6/11/2014	03:08:00	0	0	0	0	0	0	73	0	0	0	0
6/11/2014	03:09:00	0	0	0	0	0	0	70	0	0	0	0
6/11/2014	03:10:00	0	0	0	0	0	0	69	0	0	0	0
6/11/2014	03:11:00	0	0	0	0	0	0	65	0	0	0	0
6/11/2014	03:12:00	0	0	0	0	0	0	63	0	0	0	0
6/11/2014	03:13:00	0	0	0	0	0	0	65	0	0	0	0
6/11/2014	03:14:00	0	0	0	0	0	0	61	0	0	0	0
6/11/2014	03:15:00	0	0	0	0	0	0	60	0	0	0	0
6/11/2014	03:16:00	0	0	0	0	0	0	65	0	0	0	0
6/11/2014	03:17:00	0	0	0	0	0	0	63	0	0	0	0
6/11/2014	03:18:00	0	0	0	0	0	0	69	0	0	0	0
6/11/2014	03:19:00	0	0	0	0	0	0	70	0	0	0	0
6/11/2014	03:20:00	0	0	0	0	0	0	65	0	0	0	0
6/11/2014	03:21:00	0	0	0	0	0	0	62	0	0	0	0
6/11/2014	03:22:00	0	0	0	0	0	0	65	0	0	0	0
6/11/2014	03:23:00	0	0	0	0	0	0	63	0	0	0	0
6/11/2014	03:24:00	0	0	0	0	0	0	64	0	0	0	0
6/11/2014	03:25:00	0	0	0	0	0	0	63	0	0	0	0
6/11/2014	03:26:00	0	0	0	0	0	0	61	0	0	0	0
6/11/2014	03:27:00	0	0	0	0	0	0	62	0	0	0	0
6/11/2014	03:28:00	0	0	0	0	0	0	60	0	0	0	0
6/11/2014	03:29:00	0	0	0	0	0	0	71	0	0	0	0
6/11/2014	03:30:00	0	0	0	0	0	0	73	0	0	0	0
6/11/2014	03:31:00	0	0	0	0	0	0	70	0	0	0	0
6/11/2014	03:32:00	0	0	0	0	0	0	69	0	0	0	0
6/11/2014	03:33:00	0	0	0	0	0	0	65	0	0	0	0
6/11/2014	03:34:00	0	0	0	0	0	0	63	0	0	0	0
6/11/2014	03:35:00	0	0	0	0	0	0	65	0	0	0	0
6/11/2014	03:36:00	0	0	0	0	0	0	61	0	0	0	0
6/11/2014	03:37:00	0	0	0	0	0	0	60	0	0	0	0
6/11/2014	03:38:00	0	0	0	0	0	0	65	0	0	0	0
6/11/2014	03:39:00	0	0	0	0	0	0	63	0	0	0	0
6/11/2014	03:40:00	0	0	0	0	0	0	69	0	0	0	0
6/11/2014	03:41:00	0	0	0	0	0	0	70	0	0	0	0
6/11/2014	03:42:00	0	0	0	0	0	0	65	0	0	0	0
6/11/2014	03:43:00	0	0	0	0	0	0	62	0	0	0	0
6/11/2014	03:44:00	0	0	0	0	0	0	65	0	0	0	0
6/11/2014	03:45:00	0	0	0	0	0	0	63	0	0	0	0
6/11/2014	03:46:00	0	0	0	0	0	0	64	0	0	0	0
6/11/2014	03:47:00	0	0	0	0	0	0	63	0	0	0	0
6/11/2014	03:48:00	0	0	0	0	0	0	61	0	0	0	0
6/11/2014	03:49:00	0	0	0	0	0	0	62	0	0	0	0
6/11/2014	03:50:00	3	5	8	0	0	0	69	0	0	0	9.88
6/11/2014	03:51:00	235	1560	831	0	0	0	82	0	0	0	1783.08
6/11/2014	03:52:00	2318	2531	1060	0	0	0	130	0	0	0	3592.03
6/11/2014	03:53:00	5089	5983	3456	0	0	0	150	0	0	0	6836.67
6/11/2014	03:54:00	1034	568	813	0	0	0	89	0	0	0	1432.74
6/11/2014	03:55:00	10	5	8	0	0	0	68	0	0	0	13.74
6/11/2014	03:56:00	0	0	0	0	0	0	63	0	0	0	0
6/11/2014	03:57:00	0	0	0	0	0	0	65	0	0	0	0
6/11/2014	03:58:00	0	0	0	0	0	0	61	0	0	0	0
6/11/2014	03:59:00	0	0	0	0	0	0	60	0	0	0	0
6/11/2014	04:00:00	0	0	0	0	0	0	65	0	0	0	0
6/11/2014	04:01:00	0	0	0	0	0	0	63	0	0	0	0
6/11/2014	04:02:00	0	0	0	0	0	0	69	0	0	0	0
6/11/2014	04:03:00	0	0	0	0	0	0	70	0	0	0	0
6/11/2014	04:04:00	0	0	0	0	0	0	65	0	0	0	0
6/11/2014	04:05:00	0	0	0	0	0	0	62	0	0	0	0
6/11/2014	04:06:00	0	0	0	0	0	0	65	0	0	0	0
6/11/2014	04:07:00	0	0	0	0	0	0	63	0	0	0	0
6/11/2014	04:08:00	0	0	0	0	0	0	64	0	0	0	0
6/11/2014	04:09:00	0	0	0	0	0	0	63	0	0	0	0
6/11/2014	04:10:00	0	0	0	0	0	0	61	0	0	0	0
6/11/2014	04:11:00	0	0	0	0	0	0	62	0	0	0	0
6/11/2014	04:12:00	0	0	0	0	0	0	60	0	0	0	0
6/11/2014	04:13:00	0	0	0	0	0	0	71	0	0	0	0
6/11/2014	04:14:00	0	0	0	0	0	0	73	0	0	0	0
6/11/2014	04:15:00	0	0	0	0	0	0	70	0	0	0	0
6/11/2014	04:16:00	0	0	0	0	0	0	69	0	0	0	0
6/11/2014	04:17:00	0	0	0	0	0	0	65	0	0	0	0
6/11/2014	04:18:00	0	0	0	0	0	0	63	0	0	0	0
6/11/2014	04:19:00	0	0	0	0	0	0	65	0	0	0	0
6/11/2014	04:20:00	0	0	0	0	0	0	61	0	0	0	0
6/11/2014	04:21:00	0	0	0	0	0	0	60	0	0	0	0
6/11/2014	04:22:00	0	0	0	0	0	0	65	0	0	0	0
6/11/2014	04:23:00	0	0	0	0	0	0	63	0	0	0	0
6/11/2014	04:24:00	0	0	0	0	0	0	69	0	0	0	0
6/11/2014	04:25:00	0	0	0	0	0	0	70	0	0	0	0
6/11/2014	04:26:00	0	0	0	0	0	0	65	0	0	0	0
6/11/2014	04:27:00	0	0	0	0	0	0	62	0	0	0	0
6/11/2014	04:28:00	0	0	0	0	0	0	65	0	0	0	0
6/11/2014	04:29:00	0	0	0	0	0	0	63	0	0	0	0
6/11/2014	04:30:00	1	3	0	0	0	0	80	0	0	0	3.16
6/11/2014	04:31:00	253	1605	813	0	0	0	93	0	0	0	1816.86
6/11/2014	04:32:00	1560	1981	2735	0	0	0	101	0	0	0	3719.97
6/11/2014	04:33:00	2896	3589	3560	0	0	0	150	0	0	0	5825.91
6/11/2014	04:34:00	1256	531	280	0	0	0	115	0	0	0	1482.93
6/11/2014	04:35:00	180	251	0	0	0	0	98	0	0	0	308.87
6/11/2014	04:36:00	0	0	0	0	0	0	73	0	0	0	0
6/11/2014	04:37:00	0	0	0	0	0	0	70	0	0	0	0
6/11/2014	04:38:00	0	0	0	0	0	0	69	0	0	0	0
6/11/2014	04:39:00	0	0	0	0	0	0	65	0	0	0	0
6/11/2014	04:40:00	0	0	0	0	0	0	63	0	0	0	0
6/11/2014	04:41:00	0	0	0	0	0	0	65	0	0	0	0
6/11/2014	04:42:00	0	0	0	0	0	0	61	0	0	0	0
6/11/2014	04:43:00	0	0	0	0	0	0	60	0	0	0	0
6/11/2014	04:44:00	0	0	0	0	0	0	65	0	0	0	0
6/11/2014	04:45:00	0	0	0	0	0	0	63	0	0	0	0
6/11/2014	04:46:00	0	0	0	0	0	0	69	0	0	0	0
6/11/2014	04:47:00	0	0	0	0	0	0	70	0	0	0	0
6/11/2014	04:48:00	0	0	0	0	0	0	65	0	0	0	0
6/11/2014	04:49:00	0	0	0	0	0	0	62	0	0	0	0
6/11/2014	04:50:00	0	0	0	0	0	0	65	0	0	0	0
6/11/2014	04:51:00	0	0	0	0	0	0	63	0	0	0	0
6/11/2014	04:52:00	0	0	0	0	0	0	64	0	0	0	0
6/11/2014	04:53:00	0	0	0	0	0	0	63	0	0	0	0
6/11/2014	04:54:00	0	0	0	0	0	0	61	0	0	0	0
6/11/2014	04:55:00	0	0	0	0	0	0	62	0	0	0	0
6/11/2014	04:56:00	0	0	0	0	0	0	60	0	0	0	0
6/11/2014	04:57:00	0	0	0	0	0	0	71	0	0	0	0
6/11/2014	04:58:00	0	0	0	0	0	0	73	0	0	0	0
6/11/2014	04:59:00	0	0	0	0	0	0	70	0	0	0	0
6/11/2014	05:00:00	0	0	0	0	0	0	69	0	0	0	0
6/11/2014	05:01:00	0	0	0	0	0	0	65	0	0	0	0
6/11/2014	05:02:00	0	0	0	0	0	0	63	0	0	0	0
6/11/2014	05:03:00	0	0	0	0	0	0	65	0	0	0	0
6/11/2014	05:04:00	0	0	0	0	0	0	61	0	0	0	0
6/11/2014	05:05:00	0	0	0	0	0	0	60	0	0	0	0
6/11/2014	05:06:00	0	0	0	0	0	0	65	0	0	0	0
6/11/2014	05:07:00	0	0	0	0	0	0	63	0	0	0	0
6/11/2014	05:08:00	0	0	0	0	0	0	69	0	0	0	0
6/11/2014	05:09:00	0	0	0	0	0	0	70	0	0	0	0
6/11/2014	05:10:00	0	0	0	0	0	0	65	0	0	0	0
6/11/2014	05:11:00	0	0	0	0	0	0	62	0	0	0	0
6/11/2014	05:12:00	0	0	0	0	0	0	65	0	0	0	0
6/11/2014	05:13:00	0	0	0	0	0	0	63	0	0	0	0
6/11/2014	05:14:00	0	0	0	0	0	0	64	0	0	0	0
6/11/2014	05:15:00	0	0	0	0	0	0	63	0	0	0	0
6/11/2014	05:16:00	0	0	0	0	0	0	61	0	0	0	0
6/11/2014	05:17:00	0	0	0	0	0	0	62	0	0	0	0
6/11/2014	05:18:00	0	0	0	0	0	0	60	0	0	0	0
6/11/2014	05:19:00	0	0	0	0	0	0	71	0	0	0	0
6/11/2014	05:20:00	23	10	0	0	0	0	79	0	0	0	25.07
6/11/2014	05:21:00	113	50	61	0	0	0	98	0	0	0	137.8
6/11/2014	05:22:00	1560	2531	1201	0	0	0	112	0	0	0	3206.54
6/11/2014	05:23:00	2560	3560	3156	0	0	0	156	0	0	0	5402.54
6/11/2014	05:24:00	1560	1315	566	0	0	0	101	0	0	0	2117.35
6/11/2014	05:25:00	10	21	0	0	0	0	89	0	0	0	23.25
6/11/2014	05:26:00	0	0	0	0	0	0	61	0	0	0	0
6/11/2014	05:27:00	0	0	0	0	0	0	60	0	0	0	0
6/11/2014	05:28:00	0	0	0	0	0	0	65	0	0	0	0
6/11/2014	05:29:00	0	0	0	0	0	0	63	0	0	0	0
6/11/2014	05:30:00	0	0	0	0	0	0	69	0	0	0	0
6/11/2014	05:31:00	0	0	0	0	0	0	70	0	0	0	0
6/11/2014	05:32:00	0	0	0	0	0	0	65	0	0	0	0
6/11/2014	05:33:00	0	0	0	0	0	0	62	0	0	0	0
6/11/2014	05:34:00	0	0	0	0	0	0	65	0	0	0	0
6/11/2014	05:35:00	0	0	0	0	0	0	63	0	0	0	0
6/11/2014	05:36:00	0	0	0	0	0	0	64	0	0	0	0
6/11/2014	05:37:00	0	0	0	0	0	0	63	0	0	0	0
6/11/2014	05:38:00	0	0	0	0	0	0	61	0	0	0	0
6/11/2014	05:39:00	0	0	0	0	0	0	62	0	0	0	0
6/11/2014	05:40:00	0	0	0	0	0	0	60	0	0	0	0
6/11/2014	05:41:00	0	0	0	0	0	0	71	0	0	0	0
6/11/2014	05:42:00	0	0	0	0	0	0	73	0	0	0	0
6/11/2014	05:43:00	0	0	0	0	0	0	70	0	0	0	0
6/11/2014	05:44:00	0	0	0	0	0	0	69	0	0	0	0
6/11/2014	05:45:00	0	0	0	0	0	0	65	0	0	0	0
6/11/2014	05:46:00	0	0	0	0	0	0	63	0	0	0	0
6/11/2014	05:47:00	0	0	0	0	0	0	65	0	0	0	0
6/11/2014	05:48:00	0	0	0	0	0	0	61	0	0	0	0
6/11/2014	05:49:00	0	0	0	0	0	0	60	0	0	0	0
6/11/2014	05:50:00	0	0	0	0	0	0	65	0	0	0	0
6/11/2014	05:51:00	0	0	0	0	0	0	63	0	0	0	0
6/11/2014	05:52:00	0	0	0	0	0	0	69	0	0	0	0
6/11/2014	05:53:00	0	0	0	0	0	0	70	0	0	0	0
6/11/2014	05:54:00	0	0	0	0	0	0	65	0	0	0	0
6/11/2014	05:55:00	0	0	0	0	0	0	62	0	0	0	0
6/11/2014	05:56:00	0	0	0	0	0	0	65	0	0	0	0
6/11/2014	05:57:00	0	0	0	0	0	0	63	0	0	0	0
6/11/2014	05:58:00	0	0	0	0	0	0	64	0	0	0	0
6/11/2014	05:59:00	0	0	0	0	0	0	63	0	0	0	0
6/11/2014	06:00:00	0	0	0	0	0	0	61	0	0	0	0
6/11/2014	06:01:00	0	0	0	0	0	0	62	0	0	0	0
6/11/2014	06:02:00	0	0	0	0	0	0	60	0	0	0	0
6/11/2014	06:03:00	0	0	0	0	0	0	71	0	0	0	0
6/11/2014	06:04:00	0	0	0	0	0	0	73	0	0	0	0
6/11/2014	06:05:00	0	0	0	0	0	0	70	0	0	0	0
6/11/2014	06:06:00	0	0	0	0	0	0	69	0	0	0	0
6/11/2014	06:07:00	0	0	0	0	0	0	65	0	0	0	0
6/11/2014	06:08:00	0	0	0	0	0	0	63	0	0	0	0
6/11/2014	06:09:00	0	0	0	0	0	0	65	0	0	0	0
6/11/2014	06:10:00	0	0	0	0	0	0	61	0	0	0	0
6/11/2014	06:11:00	0	0	0	0	0	0	60	0	0	0	0
6/11/2014	06:12:00	0	0	0	0	0	0	65	0	0	0	0
6/11/2014	06:13:00	0	0	0	0	0	0	63	0	0	0	0
6/11/2014	06:14:00	0	0	0	0	0	0	69	0	0	0	0
6/11/2014	06:15:00	0	0	0	0	0	0	70	0	0	0	0
6/11/2014	06:16:00	0	0	0	0	0	0	65	0	0	0	0
6/11/2014	06:17:00	0	0	0	0	0	0	62	0	0	0	0
6/11/2014	06:18:00	0	0	0	0	0	0	65	0	0	0	0
6/11/2014	06:19:00	0	0	0	0	0	0	63	0	0	0	0
6/11/2014	06:20:00	0	0	0	0	0	0	64	0	0	0	0
6/11/2014	06:21:00	0	0	0	0	0	0	63	0	0	0	0
6/11/2014	06:22:00	0	0	0	0	0	0	61	0	0	0	0
6/11/2014	06:23:00	0	0	0	0	0	0	62	0	0	0	0
6/11/2014	06:24:00	0	0	0	0	0	0	60	0	0	0	0
6/11/2014	06:25:00	0	0	0	0	0	0	71	0	0	0	0
6/11/2014	06:26:00	0	0	0	0	0	0	73	0	0	0	0
6/11/2014	06:27:00	0	0	0	0	0	0	70	0	0	0	0
6/11/2014	06:28:00	0	0	0	0	0	0	69	0	0	0	0
6/11/2014	06:29:00	0	0	0	0	0	0	65	0	0	0	0
6/11/2014	06:30:00	0	0	0	0	0	0	63	0	0	0	0
6/11/2014	06:31:00	0	0	0	0	0	0	65	0	0	0	0
6/11/2014	06:32:00	0	0	0	0	0	0	61	0	0	0	0
6/11/2014	06:33:00	0	0	0	0	0	0	60	0	0	0	0
6/11/2014	06:34:00	0	0	0	0	0	0	65	0	0	0	0
6/11/2014	06:35:00	0	0	0	0	0	0	63	0	0	0	0
6/11/2014	06:36:00	0	0	0	0	0	0	69	0	0	0	0
6/11/2014	06:37:00	0	0	0	0	0	0	70	0	0	0	0
6/11/2014	06:38:00	0	0	0	0	0	0	65	0	0	0	0
6/11/2014	06:39:00	0	0	0	0	0	0	62	0	0	0	0
6/11/2014	06:40:00	0	0	0	0	0	0	65	0	0	0	0
6/11/2014	06:41:00	0	0	0	0	0	0	63	0	0	0	0
6/11/2014	06:42:00	0	0	0	0	0	0	64	0	0	0	0
6/11/2014	06:43:00	0	0	0	0	0	0	63	0	0	0	0
6/11/2014	06:44:00	0	0	0	0	0	0	61	0	0	0	0
6/11/2014	06:45:00	0	0	0	0	0	0	62	0	0	0	0
6/11/2014	06:46:00	0	0	0	0	0	0	60	0	0	0	0
6/11/2014	06:47:00	0	0	0	0	0	0	71	0	0	0	0
6/11/2014	06:48:00	0	0	0	0	0	0	73	0	0	0	0
6/11/2014	06:49:00	0	0	0	0	0	0	70	0	0	0	0
6/11/2014	06:50:00	0	0	0	0	0	0	69	0	0	0	0
6/11/2014	06:51:00	0	0	0	0	0	0	65	0	0	0	0
6/11/2014	06:52:00	0	0	0	0	0	0	63	0	0	0	0
6/11/2014	06:53:00	0	0	0	0	0	0	65	0	0	0	0
6/11/2014	06:54:00	0	0	0	0	0	0	61	0	0	0	0
6/11/2014	06:55:00	0	0	0	0	0	0	60	0	0	0	0
6/11/2014	06:56:00	0	0	0	0	0	0	65	0	0	0	0
6/11/2014	06:57:00	0	0	0	0	0	0	63	0	0	0	0
6/11/2014	06:58:00	0	0	0	0	0	0	69	0	0	0	0
6/11/2014	06:59:00	0	0	0	0	0	0	70	0	0	0	0
6/11/2014	07:00:00	0	0	0	0	0	0	65	0	0	0	0
6/11/2014	07:01:00	501	20	0	0	0	0	91	0	0	0	501.39
6/11/2014	07:02:00	1201	2560	1588	0	0	0	119	0	0	0	3243.1
6/11/2014	07:03:00	2888	3888	4888	0	0	0	178	0	0	0	6881.1
6/11/2014	07:04:00	501	20	13	0	0	0	98	0	0	0	501.56
6/11/2014	07:05:00	0	0	0	0	0	0	63	0	0	0	0
6/11/2014	07:06:00	0	0	0	0	0	0	61	0	0	0	0
6/11/2014	07:07:00	0	0	0	0	0	0	62	0	0	0	0
6/11/2014	07:08:00	0	0	0	0	0	0	60	0	0	0	0
6/11/2014	07:09:00	0	0	0	0	0	0	71	0	0	0	0
6/11/2014	07:10:00	0	0	0	0	0	0	73	0	0	0	0
6/11/2014	07:11:00	0	0	0	0	0	0	70	0	0	0	0
6/11/2014	07:12:00	0	0	0	0	0	0	69	0	0	0	0
6/11/2014	07:13:00	0	0	0	0	0	0	65	0	0	0	0
6/11/2014	07:14:00	0	0	0	0	0	0	63	0	0	0	0
6/11/2014	07:15:00	0	0	0	0	0	0	65	0	0	0	0
6/11/2014	07:16:00	0	0	0	0	0	0	61	0	0	0	0
6/11/2014	07:17:00	0	0	0	0	0	0	60	0	0	0	0
6/11/2014	07:18:00	0	0	0	0	0	0	65	0	0	0	0
6/11/2014	07:19:00	0	0	0	0	0	0	63	0	0	0	0
6/11/2014	07:20:00	0	0	0	0	0	0	69	0	0	0	0
6/11/2014	07:21:00	0	0	0	0	0	0	70	0	0	0	0
6/11/2014	07:22:00	0	0	0	0	0	0	65	0	0	0	0
6/11/2014	07:23:00	0	0	0	0	0	0	62	0	0	0	0
6/11/2014	07:24:00	0	0	0	0	0	0	65	0	0	0	0
6/11/2014	07:25:00	0	0	0	0	0	0	63	0	0	0	0
6/11/2014	07:26:00	0	0	0	0	0	0	64	0	0	0	0
6/11/2014	07:27:00	0	0	0	0	0	0	63	0	0	0	0
6/11/2014	07:28:00	0	0	0	0	0	0	61	0	0	0	0
6/11/2014	07:29:00	0	0	0	0	0	0	62	0	0	0	0
6/11/2014	07:30:00	0	0	0	0	0	0	60	0	0	0	0
6/11/2014	07:31:00	0	0	0	0	0	0	71	0	0	0	0
6/11/2014	07:32:00	0	0	0	0	0	0	73	0	0	0	0
6/11/2014	07:33:00	0	0	0	0	0	0	70	0	0	0	0
6/11/2014	07:34:00	0	0	0	0	0	0	69	0	0	0	0
6/11/2014	07:35:00	0	0	0	0	0	0	65	0	0	0	0
6/11/2014	07:36:00	0	0	0	0	0	0	63	0	0	0	0
6/11/2014	07:37:00	0	0	0	0	0	0	65	0	0	0	0
6/11/2014	07:38:00	0	0	0	0	0	0	61	0	0	0	0
6/11/2014	07:39:00	0	0	0	0	0	0	60	0	0	0	0
6/11/2014	07:40:00	0	0	0	0	0	0	65	0	0	0	0
6/11/2014	07:41:00	0	0	0	0	0	0	63	0	0	0	0
6/11/2014	07:42:00	0	0	0	0	0	0	69	0	0	0	0
6/11/2014	07:43:00	0	0	0	0	0	0	70	0	0	0	0
6/11/2014	07:44:00	0	0	0	0	0	0	65	0	0	0	0
6/11/2014	07:45:00	0	0	0	0	0	0	62	0	0	0	0
6/11/2014	07:46:00	0	0	0	0	0	0	65	0	0	0	0
6/11/2014	07:47:00	0	0	0	0	0	0	63	0	0	0	0
6/11/2014	07:48:00	0	0	0	0	0	0	64	0	0	0	0
6/11/2014	07:49:00	0	0	0	0	0	0	63	0	0	0	0
6/11/2014	07:50:00	0	0	0	0	0	0	61	0	0	0	0
6/11/2014	07:51:00	0	0	0	0	0	0	62	0	0	0	0
6/11/2014	07:52:00	0	0	0	0	0	0	60	0	0	0	0
6/11/2014	07:53:00	0	0	0	0	0	0	71	0	0	0	0
6/11/2014	07:54:00	0	0	0	0	0	0	73	0	0	0	0
6/11/2014	07:55:00	0	0	0	0	0	0	70	0	0	0	0
6/11/2014	07:56:00	0	0	0	0	0	0	69	0	0	0	0
6/11/2014	07:57:00	0	0	0	0	0	0	65	0	0	0	0
6/11/2014	07:58:00	0	0	0	0	0	0	63	0	0	0	0
6/11/2014	07:59:00	0	0	0	0	0	0	65	0	0	0	0
6/11/2014	08:00:00	0	0	0	0	0	0	61	0	0	0	0
6/11/2014	08:01:00	0	0	0	0	0	0	60	0	0	0	0
6/11/2014	08:02:00	0	0	0	0	0	0	65	0	0	0	0
6/11/2014	08:03:00	0	0	0	0	0	0	63	0	0	0	0
6/11/2014	08:04:00	0	0	0	0	0	0	69	0	0	0	0
6/11/2014	08:05:00	0	0	0	0	0	0	70	0	0	0	0
6/11/2014	08:06:00	0	0	0	0	0	0	65	0	0	0	0
6/11/2014	08:07:00	0	0	0	0	0	0	62	0	0	0	0
6/11/2014	08:08:00	0	0	0	0	0	0	65	0	0	0	0
6/11/2014	08:09:00	0	0	0	0	0	0	63	0	0	0	0
6/11/2014	08:10:00	0	0	0	0	0	0	64	0	0	0	0
6/11/2014	08:11:00	0	0	0	0	0	0	63	0	0	0	0
6/11/2014	08:12:00	0	0	0	0	0	0	61	0	0	0	0
6/11/2014	08:13:00	0	0	0	0	0	0	62	0	0	0	0
6/11/2014	08:14:00	0	0	0	0	0	0	60	0	0	0	0
6/11/2014	08:15:00	0	0	0	0	0	0	71	0	0	0	0
6/11/2014	08:16:00	0	0	0	0	0	0	73	0	0	0	0
6/11/2014	08:17:00	0	0	0	0	0	0	70	0	0	0	0
6/11/2014	08:18:00	0	0	0	0	0	0	69	0	0	0	0
6/11/2014	08:19:00	0	0	0	0	0	0	65	0	0	0	0
6/11/2014	08:20:00	0	0	0	0	0	0	63	0	0	0	0
6/11/2014	08:21:00	0	0	0	0	0	0	65	0	0	0	0
6/11/2014	08:22:00	0	0	0	0	0	0	61	0	0	0	0
6/11/2014	08:23:00	0	0	0	0	0	0	60	0	0	0	0
6/11/2014	08:24:00	0	0	0	0	0	0	65	0	0	0	0
6/11/2014	08:25:00	0	0	0	0	0	0	63	0	0	0	0
6/11/2014	08:26:00	0	0	0	0	0	0	69	0	0	0	0
6/11/2014	08:27:00	0	0	0	0	0	0	70	0	0	0	0
6/11/2014	08:28:00	0	0	0	0	0	0	65	0	0	0	0
6/11/2014	08:29:00	0	0	0	0	0	0	62	0	0	0	0
6/11/2014	08:30:00	0	0	0	0	0	0	65	0	0	0	0
6/11/2014	08:31:00	0	0	0	0	0	0	63	0	0	0	0
6/11/2014	08:32:00	0	0	0	0	0	0	64	0	0	0	0
6/11/2014	08:33:00	0	0	0	0	0	0	63	0	0	0	0
6/11/2014	08:34:00	0	0	0	0	0	0	61	0	0	0	0
6/11/2014	08:35:00	0	0	0	0	0	0	62	0	0	0	0
6/11/2014	08:36:00	0	0	0	0	0	0	60	0	0	0	0
6/11/2014	08:37:00	0	0	0	0	0	0	71	0	0	0	0
6/11/2014	08:38:00	0	0	0	0	0	0	73	0	0	0	0
6/11/2014	08:39:00	0	0	0	0	0	0	70	0	0	0	0
6/11/2014	08:40:00	0	0	0	0	0	0	69	0	0	0	0
6/11/2014	08:41:00	0	0	0	0	0	0	65	0	0	0	0
6/11/2014	08:42:00	0	0	0	0	0	0	63	0	0	0	0
6/11/2014	08:43:00	0	0	0	0	0	0	65	0	0	0	0
6/11/2014	08:44:00	0	0	0	0	0	0	61	0	0	0	0
6/11/2014	08:45:00	0	0	0	0	0	0	60	0	0	0	0
6/11/2014	08:46:00	0	0	0	0	0	0	65	0	0	0	0
6/11/2014	08:47:00	0	0	0	0	0	0	63	0	0	0	0
6/11/2014	08:48:00	0	0	0	0	0	0	69	0	0	0	0
6/11/2014	08:49:00	0	0	0	0	0	0	70	0	0	0	0
6/11/2014	08:50:00	0	0	0	0	0	0	65	0	0	0	0
6/11/2014	08:51:00	0	0	0	0	0	0	62	0	0	0	0
6/11/2014	08:52:00	0	0	0	0	0	0	65	0	0	0	0
6/11/2014	08:53:00	0	0	0	0	0	0	63	0	0	0	0
6/11/2014	08:54:00	0	0	0	0	0	0	64	0	0	0	0
6/11/2014	08:55:00	0	0	0	0	0	0	63	0	0	0	0
6/11/2014	08:56:00	0	0	0	0	0	0	61	0	0	0	0
6/11/2014	08:57:00	0	0	0	0	0	0	62	0	0	0	0
6/11/2014	08:58:00	0	0	0	0	0	0	60	0	0	0	0
6/11/2014	08:59:00	0	0	0	0	0	0	71	0	0	0	0
6/11/2014	09:00:00	0	0	0	0	0	0	73	0	0	0	0
6/11/2014	09:01:00	0	0	0	0	0	0	70	0	0	0	0
6/11/2014	09:02:00	0	0	0	0	0	0	69	0	0	0	0
6/11/2014	09:03:00	0	0	0	0	0	0	65	0	0	0	0
6/11/2014	09:04:00	0	0	0	0	0	0	63	0	0	0	0
6/11/2014	09:05:00	0	0	0	0	0	0	65	0	0	0	0
6/11/2014	09:06:00	0	0	0	0	0	0	61	0	0	0	0
6/11/2014	09:07:00	0	0	0	0	0	0	60	0	0	0	0
6/11/2014	09:08:00	0	0	0	0	0	0	65	0	0	0	0
6/11/2014	09:09:00	0	0	0	0	0	0	63	0	0	0	0
6/11/2014	09:10:00	0	0	0	0	0	0	69	0	0	0	0
6/11/2014	09:11:00	0	0	0	0	0	0	70	0	0	0	0
6/11/2014	09:12:00	0	0	0	0	0	0	65	0	0	0	0
6/11/2014	09:13:00	0	0	0	0	0	0	62	0	0	0	0
6/11/2014	09:14:00	0	0	0	0	0	0	65	0	0	0	0
6/11/2014	09:15:00	0	0	0	0	0	0	63	0	0	0	0
6/11/2014	09:16:00	0	0	0	0	0	0	64	0	0	0	0
6/11/2014	09:17:00	0	0	0	0	0	0	63	0	0	0	0
6/11/2014	09:18:00	0	0	0	0	0	0	61	0	0	0	0
6/11/2014	09:19:00	0	0	0	0	0	0	62	0	0	0	0
6/11/2014	09:20:00	0	0	0	0	0	0	60	0	0	0	0
6/11/2014	09:21:00	0	0	0	0	0	0	71	0	0	0	0
6/11/2014	09:22:00	0	0	0	0	0	0	73	0	0	0	0
6/11/2014	09:23:00	0	0	0	0	0	0	70	0	0	0	0
6/11/2014	09:24:00	0	0	0	0	0	0	69	0	0	0	0
6/11/2014	09:25:00	0	0	0	0	0	0	65	0	0	0	0
6/11/2014	09:26:00	0	0	0	0	0	0	63	0	0	0	0
6/11/2014	09:27:00	0	0	0	0	0	0	65	0	0	0	0
6/11/2014	09:28:00	0	0	0	0	0	0	61	0	0	0	0
6/11/2014	09:29:00	0	0	0	0	0	0	60	0	0	0	0
6/11/2014	09:30:00	0	0	0	0	0	0	65	0	0	0	0
6/11/2014	09:31:00	0	0	0	0	0	0	63	0	0	0	0
6/11/2014	09:32:00	0	0	0	0	0	0	69	0	0	0	0
6/11/2014	09:33:00	0	0	0	0	0	0	70	0	0	0	0
6/11/2014	09:34:00	0	0	0	0	0	0	65	0	0	0	0
6/11/2014	09:35:00	0	0	0	0	0	0	62	0	0	0	0
6/11/2014	09:36:00	0	0	0	0	0	0	65	0	0	0	0
6/11/2014	09:37:00	0	0	0	0	0	0	63	0	0	0	0
6/11/2014	09:38:00	0	0	0	0	0	0	64	0	0	0	0
6/11/2014	09:39:00	0	0	0	0	0	0	63	0	0	0	0
6/11/2014	09:40:00	0	0	0	0	0	0	61	0	0	0	0
6/11/2014	09:41:00	0	0	0	0	0	0	62	0	0	0	0
6/11/2014	09:42:00	0	0	0	0	0	0	60	0	0	0	0
6/11/2014	09:43:00	0	0	0	0	0	0	71	0	0	0	0
6/11/2014	09:44:00	0	0	0	0	0	0	73	0	0	0	0
6/11/2014	09:45:00	0	0	0	0	0	0	70	0	0	0	0
6/11/2014	09:46:00	0	0	0	0	0	0	69	0	0	0	0
6/11/2014	09:47:00	0	0	0	0	0	0	65	0	0	0	0
6/11/2014	09:48:00	0	0	0	0	0	0	63	0	0	0	0
6/11/2014	09:49:00	0	0	0	0	0	0	65	0	0	0	0
6/11/2014	09:50:00	0	0	0	0	0	0	61	0	0	0	0
6/11/2014	09:51:00	0	0	0	0	0	0	60	0	0	0	0
6/11/2014	09:52:00	0	0	0	0	0	0	65	0	0	0	0
6/11/2014	09:53:00	0	0	0	0	0	0	63	0	0	0	0
6/11/2014	09:54:00	0	0	0	0	0	0	69	0	0	0	0
6/11/2014	09:55:00	0	0	0	0	0	0	70	0	0	0	0
6/11/2014	09:56:00	0	0	0	0	0	0	65	0	0	0	0
6/11/2014	09:57:00	0	0	0	0	0	0	62	0	0	0	0
6/11/2014	09:58:00	0	0	0	0	0	0	65	0	0	0	0
6/11/2014	09:59:00	0	0	0	0	0	0	63	0	0	0	0
6/11/2014	10:00:00	0	0	0	0	0	0	64	0	0	0	0
6/11/2014	10:01:00	0	0	0	0	0	0	65	0	0	0	0
6/11/2014	10:02:00	0	0	0	0	0	0	69	0	0	0	0
6/11/2014	10:03:00	0	0	0	0	0	0	67	0	0	0	0
6/11/2014	10:04:00	0	0	0	0	0	0	68	0	0	0	0
6/11/2014	10:05:00	0	0	0	0	0	0	69	0	0	0	0
6/11/2014	10:06:00	0	0	0	0	0	0	70	0	0	0	0
6/11/2014	10:07:00	0	0	0	0	0	0	72	0	0	0	0
6/11/2014	10:08:00	0	0	0	0	0	0	74	0	0	0	0
6/11/2014	10:09:00	0	0	0	0	0	0	73	0	0	0	0
6/11/2014	10:10:00	0	0	0	0	0	0	78	0	0	0	0
6/11/2014	10:11:00	0	0	0	0	0	0	76	0	0	0	0
6/11/2014	10:12:00	0	0	0	0	0	0	79	0	0	0	0
6/11/2014	10:13:00	0	0	0	0	0	0	80	0	0	0	0
6/11/2014	10:14:00	0	0	0	0	0	0	81	0	0	0	0
6/11/2014	10:15:00	0	0	0	0	0	0	83	0	0	0	0
6/11/2014	10:16:00	0	0	0	0	0	0	84	0	0	0	0
6/11/2014	10:17:00	0	0	0	0	0	0	86	0	0	0	0
6/11/2014	10:18:00	0	0	0	0	0	0	87	0	0	0	0
6/11/2014	10:19:00	0	0	0	0	0	0	89	0	0	0	0
6/11/2014	10:20:00	0	0	0	0	0	0	90	0	0	0	0
6/11/2014	10:21:00	0	0	0	0	0	0	92	0	0	0	0
6/11/2014	10:22:00	0	0	0	0	0	0	93	0	0	0	0
6/11/2014	10:23:00	0	0	0	0	0	0	94	0	0	0	0
6/11/2014	10:24:00	0	0	0	0	0	0	86	0	0	0	0
6/11/2014	10:25:00	0	0	0	0	0	0	92	0	0	0	0
6/11/2014	10:26:00	0	0	0	0	0	0	90	0	0	0	0
6/11/2014	10:27:00	0	0	0	0	0	0	87	0	0	0	0
6/11/2014	10:28:00	0	0	0	0	0	0	86	0	0	0	0
6/11/2014	10:29:00	0	0	0	0	0	0	85	0	0	0	0
6/11/2014	10:30:00	0	0	0	0	0	0	89	0	0	0	0
6/11/2014	10:31:00	0	0	0	0	0	0	86	0	0	0	0
6/11/2014	10:32:00	0	0	0	0	0	0	84	0	0	0	0
6/11/2014	10:33:00	0	0	0	0	0	0	85	0	0	0	0
6/11/2014	10:34:00	0	0	0	0	0	0	86	0	0	0	0
6/11/2014	10:35:00	0	0	0	0	0	0	83	0	0	0	0
6/11/2014	10:36:00	0	0	0	0	0	0	84	0	0	0	0
6/11/2014	10:37:00	0	0	0	0	0	0	82	0	0	0	0
6/11/2014	10:38:00	0	0	0	0	0	0	85	0	0	0	0
6/11/2014	10:39:00	0	0	0	0	0	0	87	0	0	0	0
6/11/2014	10:40:00	0	0	0	0	0	0	86	0	0	0	0
6/11/2014	10:41:00	0	0	0	0	0	0	90	0	0	0	0
6/11/2014	10:42:00	0	0	0	0	0	0	87	0	0	0	0
6/11/2014	10:43:00	0	0	0	0	0	0	86	0	0	0	0
6/11/2014	10:44:00	0	0	0	0	0	0	85	0	0	0	0
6/11/2014	10:45:00	0	0	0	0	0	0	89	0	0	0	0
6/11/2014	10:46:00	0	0	0	0	0	0	86	0	0	0	0
6/11/2014	10:47:00	0	0	0	0	0	0	84	0	0	0	0
6/11/2014	10:48:00	0	0	0	0	0	0	85	0	0	0	0
6/11/2014	10:49:00	0	0	0	0	0	0	86	0	0	0	0
6/11/2014	10:50:00	0	0	0	0	0	0	83	0	0	0	0
6/11/2014	10:51:00	0	0	0	0	0	0	84	0	0	0	0
6/11/2014	10:52:00	0	0	0	0	0	0	82	0	0	0	0
6/11/2014	10:53:00	0	0	0	0	0	0	85	0	0	0	0
6/11/2014	10:54:00	0	0	0	0	0	0	87	0	0	0	0
6/11/2014	10:55:00	0	0	0	0	0	0	86	0	0	0	0
6/11/2014	10:56:00	0	0	0	0	0	0	90	0	0	0	0
6/11/2014	10:57:00	0	0	0	0	0	0	87	0	0	0	0
6/11/2014	10:58:00	0	0	0	0	0	0	86	0	0	0	0
6/11/2014	10:59:00	0	0	0	0	0	0	85	0	0	0	0
6/11/2014	11:00:00	0	0	0	0	0	0	89	0	0	0	0
